1.0
0.0
0.0
1.0
0.0
1.0
1.0
0.0
1.0
1.0
0.0
1.0
0.0
0.0
1.0
1.0
0.0
0.0
0.0
0.0
0.0
1.0
0.0
0.0
0.0
1.0
0.0
0.0
0.0
0.0
0.0
1.0
1.0
1.0
1.0
1.0
1.0
1.0
0.0
0.0
1.0
1.0
0.0
0.0
0.0
0.0
0.0
1.0
1.0
1.0
0.0
0.0
1.0
1.0
1.0
1.0
0.0
0.0
0.0
1.0
1.0
1.0
1.0
1.0
0.0
1.0
0.0
1.0
1.0
1.0
1.0
0.0
1.0
0.0
0.0
0.0
0.0
0.0
1.0
1.0
0.0
1.0
0.0
1.0
1.0
0.0
1.0
1.0
1.0
1.0
1.0
0.0
1.0
0.0
0.0
1.0
0.0
0.0
0.0
1.0
0.4
0.2
0.0
0.6
0.6
0.4
0.6
0.6
0.6
0.6
0.4
0.4
0.6
0.4
0.8
0.4
1.0
0.6
0.6
0.4
0.2
0.2
0.2
0.2
0.4
0.2
0.8
0.4
0.6
0.6
0.6
0.4
0.6
0.6
0.6
0.8
0.6
0.6
0.8
0.6
0.4
0.8
0.4
0.4
0.4
0.6
0.4
0.8
0.6
0.6
0.6
0.6
0.8
0.6
0.8
0.6
0.4
0.4
0.6
0.6
0.8
0.6
0.8
0.6
0.4
0.8
0.4
0.8
0.4
0.4
0.6
0.8
0.6
0.4
0.6
0.4
0.2
0.4
0.6
0.6
0.6
0.0
0.4
0.4
0.8
0.6
0.2
0.4
0.2
0.4
0.6
1.0
0.4
0.6
0.4
0.2
0.8
0.4
0.8
0.6
0.4
0.5
0.5
0.6
0.6
0.6
0.6
0.6
0.6
0.6
0.5
0.4
0.5
0.4
0.5
0.7
0.6
0.5
0.5
0.6
0.7
0.5
0.7
0.7
0.5
0.2
0.6
0.6
0.5
0.5
0.3
0.5
0.5
0.5
0.2
0.5
0.6
0.6
0.6
0.5
0.6
0.4
0.6
0.5
0.6
0.5
0.5
0.6
0.6
0.5
0.4
0.5
0.8
0.3
0.4
0.8
0.6
0.4
0.4
0.6
0.5
0.5
0.6
0.5
0.3
0.6
0.7
0.8
0.4
0.6
0.3
0.4
0.6
0.6
0.7
0.7
0.4
0.7
0.6
0.6
0.5
0.5
0.4
0.4
0.6
0.6
0.6
0.5
0.7
0.7
0.6
0.6
0.6
0.6
0.9
0.7
0.4
0.5
0.8
0.4
0.6
0.48
0.36
0.52
0.44
0.4
0.56
0.64
0.52
0.64
0.44
0.56
0.52
0.68
0.6
0.52
0.6
0.52
0.64
0.56
0.44
0.4
0.52
0.52
0.56
0.44
0.64
0.48
0.28
0.28
0.56
0.52
0.6
0.48
0.68
0.76
0.6
0.52
0.56
0.52
0.56
0.48
0.48
0.56
0.6
0.52
0.64
0.48
0.64
0.64
0.44
0.36
0.56
0.6
0.56
0.64
0.64
0.68
0.64
0.6
0.6
0.64
0.56
0.64
0.6
0.4
0.52
0.68
0.52
0.56
0.56
0.6
0.52
0.68
0.48
0.44
0.64
0.52
0.68
0.48
0.64
0.6
0.64
0.52
0.68
0.64
0.48
0.72
0.44
0.56
0.6
0.6
0.6
0.56
0.6
0.64
0.52
0.52
0.68
0.48
0.46
0.6
0.32
0.62
0.54
0.44
0.46
0.54
0.58
0.42
0.24
0.56
0.48
0.56
0.52
0.58
0.66
0.54
0.5
0.56
0.36
0.54
0.52
0.6
0.56
0.56
0.56
0.38
0.42
0.66
0.46
0.54
0.6
0.56
0.48
0.4
0.44
0.54
0.58
0.56
0.52
0.5
0.66
0.58
0.6
0.48
0.6
0.58
0.48
0.52
0.46
0.6
0.58
0.5
0.5
0.58
0.56
0.6
0.34
0.6
0.54
0.42
0.6
0.54
0.56
0.58
0.68
0.54
0.48
0.52
0.54
0.48
0.46
0.5
0.54
0.52
0.56
0.34
0.52
0.56
0.5
0.54
0.5
0.44
0.5
0.52
0.64
0.52
0.42
0.58
0.62
0.36
0.64
0.5
0.5
0.56
0.6
0.54
0.46
0.26
0.6
0.64
0.44
0.52
0.627
0.587
0.413
0.56
0.467
0.493
0.427
0.507
0.613
0.467
0.453
0.587
0.507
0.507
0.56
0.507
0.653
0.48
0.507
0.653
0.52
0.453
0.4
0.627
0.587
0.547
0.56
0.52
0.52
0.693
0.6
0.613
0.64
0.547
0.347
0.627
0.56
0.587
0.48
0.68
0.4
0.707
0.52
0.587
0.507
0.667
0.52
0.6
0.6
0.48
0.587
0.627
0.56
0.613
0.667
0.547
0.6
0.293
0.547
0.387
0.56
0.573
0.493
0.573
0.587
0.48
0.427
0.427
0.52
0.507
0.467
0.52
0.547
0.653
0.547
0.627
0.667
0.573
0.64
0.507
0.373
0.573
0.48
0.547
0.56
0.653
0.48
0.507
0.547
0.507
0.413
0.44
0.56
0.52
0.347
0.507
0.478
0.256
0.5
0.478
0.378
0.478
0.544
0.322
0.511
0.533
0.589
0.511
0.5
0.411
0.633
0.6
0.533
0.533
0.6
0.656
0.511
0.633
0.367
0.478
0.567
0.522
0.511
0.433
0.556
0.422
0.556
0.522
0.433
0.544
0.478
0.6
0.367
0.578
0.544
0.589
0.411
0.422
0.578
0.611
0.5
0.411
0.6
0.544
0.556
0.489
0.433
0.411
0.356
0.533
0.556
0.611
0.533
0.578
0.644
0.578
0.5
0.522
0.678
0.589
0.544
0.456
0.433
0.278
0.533
0.478
0.567
0.433
0.522
0.489
0.322
0.511
0.544
0.489
0.556
0.611
0.444
0.389
0.578
0.611
0.589
0.344
0.644
0.411
0.5
0.344
0.578
0.589
0.578
0.478
0.467
0.467
0.422
0.378
0.533
0.356
0.36
0.5
0.18
0.31
0.38
0.4
0.26
0.29
0.2
0.31
0.39
0.22
0.49
0.32
0.38
0.23
0.5
0.27
0.35
0.49
0.21
0.17
0.38
0.19
0.35
0.4
0.3
0.33
0.31
0.22
0.33
0.32
0.28
0.29
0.48
0.39
0.38
0.4
0.41
0.48
0.28
0.48
0.23
0.32
0.48
0.32
0.12
0.37
0.16
0.29
0.29
0.24
0.44
0.4
0.27
0.42
0.22
0.49
0.25
0.41
0.25
0.2
0.29
0.18
0.08
0.49
0.35
0.19
0.37
0.27
0.28
0.2
0.5
0.25
0.38
0.28
0.47
0.25
0.43
0.44
0.33
0.46
0.4
0.21
0.18
0.25
0.25
0.47
0.32
0.31
0.37
0.32
0.2
0.36
0.4
0.43
0.31
0.38
0.38
0.28
0.202
0.202
0.202
0.125
0.202
0.202
0.192
0.202
0.163
0.202
0.163
0.202
0.163
0.192
0.202
0.135
0.163
0.125
0.163
0.135
0.125
0.192
0.202
0.125
0.202
0.192
0.163
0.163
0.163
0.135
0.125
0.192
0.192
0.163
0.163
0.202
0.125
0.135
0.163
0.125
0.135
0.163
0.192
0.202
0.135
0.135
0.135
0.202
0.135
0.163
0.192
0.125
0.163
0.135
0.135
0.163
0.125
0.163
0.202
0.202
0.192
0.202
0.135
0.135
0.135
0.192
0.192
0.192
0.163
0.192
0.163
0.192
0.125
0.125
0.135
0.125
0.125
0.202
0.163
0.202
0.202
0.135
0.135
0.125
0.163
0.163
0.135
0.135
0.202
0.125
0.125
0.135
0.135
0.125
0.135
0.192
0.135
0.202
0.125
0.135
