1.0
1.0
1.0
1.0
1.0
1.0
1.0
1.0
1.0
1.0
1.0
1.0
1.0
1.0
0.0
1.0
1.0
1.0
1.0
1.0
1.0
1.0
1.0
1.0
1.0
1.0
1.0
1.0
1.0
1.0
1.0
1.0
1.0
1.0
1.0
1.0
1.0
1.0
1.0
1.0
1.0
1.0
1.0
1.0
1.0
0.0
1.0
1.0
1.0
1.0
1.0
1.0
1.0
1.0
1.0
1.0
1.0
1.0
1.0
1.0
1.0
1.0
1.0
1.0
1.0
1.0
1.0
1.0
1.0
1.0
1.0
1.0
0.0
1.0
1.0
1.0
1.0
1.0
1.0
0.0
1.0
1.0
1.0
1.0
1.0
1.0
1.0
1.0
1.0
1.0
1.0
1.0
1.0
1.0
1.0
1.0
1.0
1.0
1.0
1.0
1.0
1.0
1.0
1.0
1.0
1.0
1.0
1.0
0.8
1.0
1.0
0.8
1.0
1.0
1.0
1.0
1.0
1.0
1.0
1.0
1.0
1.0
0.6
0.6
1.0
1.0
1.0
1.0
1.0
1.0
0.8
0.8
1.0
0.8
1.0
1.0
1.0
1.0
1.0
1.0
1.0
1.0
1.0
1.0
1.0
1.0
1.0
1.0
1.0
1.0
1.0
0.8
1.0
1.0
1.0
1.0
0.8
1.0
1.0
1.0
1.0
0.8
1.0
1.0
0.8
0.8
0.8
1.0
1.0
1.0
1.0
1.0
1.0
0.8
1.0
1.0
1.0
1.0
1.0
1.0
1.0
0.8
0.8
0.8
1.0
1.0
1.0
1.0
0.8
0.8
1.0
0.8
1.0
1.0
1.0
1.0
1.0
1.0
1.0
1.0
0.9
1.0
1.0
1.0
0.9
0.9
0.9
1.0
1.0
0.9
0.9
1.0
1.0
1.0
1.0
0.9
1.0
1.0
1.0
1.0
0.9
1.0
1.0
1.0
0.9
1.0
0.9
1.0
1.0
0.9
0.8
1.0
0.9
0.9
0.9
1.0
0.9
1.0
1.0
1.0
1.0
1.0
0.9
1.0
0.9
1.0
1.0
1.0
0.9
1.0
0.9
0.7
1.0
0.9
0.9
0.9
1.0
1.0
0.9
1.0
1.0
1.0
1.0
1.0
1.0
0.9
1.0
1.0
0.9
0.9
0.9
0.7
1.0
1.0
0.9
0.9
0.9
1.0
1.0
1.0
0.9
0.9
0.9
1.0
0.9
0.9
1.0
0.9
1.0
1.0
1.0
0.8
1.0
1.0
1.0
1.0
1.0
1.0
1.0
1.0
0.92
0.8
0.88
0.96
1.0
0.88
0.92
1.0
0.96
0.92
0.88
1.0
0.96
1.0
0.96
0.92
0.96
0.92
0.92
0.92
0.92
0.96
0.96
0.96
1.0
0.92
0.96
0.92
0.96
0.92
1.0
0.96
0.96
0.88
0.96
0.96
1.0
1.0
1.0
0.92
1.0
0.92
0.96
0.92
1.0
0.96
1.0
0.92
0.92
0.84
0.92
0.96
0.84
0.96
0.96
1.0
0.92
1.0
0.96
1.0
1.0
0.96
0.96
1.0
0.92
0.88
0.96
0.92
0.96
1.0
0.92
1.0
0.92
1.0
1.0
0.92
0.96
1.0
0.96
0.88
1.0
0.96
0.96
1.0
0.92
0.96
0.88
0.92
1.0
0.96
0.96
0.96
1.0
1.0
1.0
0.96
0.96
0.96
1.0
0.88
0.92
0.94
0.96
0.96
0.9
0.94
0.96
0.96
0.96
0.98
0.92
0.96
0.98
0.94
0.96
1.0
0.98
0.9
0.92
0.98
0.96
0.92
0.92
0.94
0.98
0.92
0.9
0.96
0.92
0.92
0.96
0.98
0.96
0.92
0.92
0.94
0.94
0.96
0.98
0.94
0.94
0.94
0.96
0.96
0.94
0.94
0.9
0.98
0.96
0.92
0.94
0.98
0.94
0.94
1.0
0.9
0.96
0.96
0.94
0.96
0.96
0.98
0.94
0.96
0.96
0.94
0.98
0.94
0.9
0.94
0.96
0.9
0.94
0.98
0.96
0.96
0.96
1.0
0.96
0.94
0.98
0.94
0.94
0.9
0.96
1.0
0.98
0.96
0.92
0.98
0.82
0.96
0.96
0.96
0.94
0.96
0.96
0.88
1.0
0.92
0.933
0.92
0.947
0.933
0.92
0.947
0.92
0.947
0.947
0.96
0.907
0.96
0.947
0.947
0.973
0.907
0.947
0.907
0.96
0.96
0.973
0.933
0.907
0.973
0.96
0.96
0.947
0.973
0.92
0.92
0.947
0.987
0.947
0.947
0.987
0.907
0.947
0.973
0.96
0.96
0.947
0.893
0.973
0.973
0.96
0.933
0.947
0.973
0.907
0.947
0.92
0.867
0.947
0.92
0.92
0.96
0.947
0.96
0.947
0.947
0.96
0.96
0.92
0.907
0.947
0.933
0.907
0.933
0.88
0.96
0.987
0.933
0.947
0.92
0.907
0.92
0.933
0.947
0.933
0.92
0.92
0.973
0.947
0.933
0.96
0.947
0.947
0.947
0.947
0.933
0.8
0.92
0.96
0.933
0.947
0.947
0.893
0.907
0.987
0.96
0.95
0.92
0.95
0.95
0.93
0.95
0.95
0.97
0.93
0.97
0.91
0.99
0.91
0.94
0.93
0.96
0.95
0.96
0.93
0.82
0.96
0.93
0.93
0.94
0.96
0.96
0.92
0.87
0.85
0.95
0.95
0.95
0.86
0.82
0.85
0.95
0.95
0.94
0.94
0.87
0.93
0.97
0.94
0.95
0.95
0.92
0.96
0.95
0.95
0.93
0.94
0.89
0.95
0.93
0.83
0.95
0.96
0.95
0.93
0.96
0.96
0.95
0.94
0.93
0.92
0.94
0.94
0.94
0.95
0.93
0.93
0.91
0.97
0.87
0.96
0.9
0.94
0.95
0.95
0.95
0.97
0.96
0.94
0.85
0.94
0.88
0.94
0.94
0.96
0.96
0.96
0.94
0.95
0.96
0.93
0.97
0.93
0.95
0.94
0.95
0.872
0.952
0.864
0.816
0.952
0.952
0.952
0.952
0.856
0.944
0.84
0.824
0.944
0.888
0.952
0.952
0.952
0.872
0.856
0.952
0.96
0.76
0.952
0.952
0.952
0.8
0.952
0.96
0.856
0.952
0.952
0.872
0.952
0.952
0.872
0.928
0.952
0.864
0.944
0.936
0.832
0.96
0.96
0.936
0.904
0.968
0.928
0.96
0.936
0.872
0.88
0.792
0.792
0.912
0.936
0.952
0.944
0.896
0.944
0.952
0.952
0.824
0.816
0.944
0.952
0.944
0.952
0.96
0.952
0.944
0.944
0.896
0.736
0.872
0.84
0.824
0.776
0.952
0.872
0.84
0.952
0.936
0.936
0.952
0.952
0.936
0.936
0.96
0.968
0.952
0.808
0.936
0.944
0.936
0.824
0.864
0.936
0.936
0.936
0.896
0.957
0.871
0.786
0.671
0.721
0.957
0.664
0.879
0.729
0.871
0.864
0.807
0.5
0.871
0.779
0.85
0.764
0.743
0.771
0.679
0.714
0.736
0.621
0.714
0.514
0.75
0.829
0.821
0.786
0.593
0.771
0.75
0.729
0.771
0.893
0.9
0.8
0.957
0.793
0.729
0.957
0.836
0.814
0.779
0.807
0.757
0.871
0.85
0.657
0.943
0.836
0.879
0.821
0.879
0.714
0.814
0.664
0.957
0.679
0.843
0.857
0.786
0.871
0.957
0.729
0.779
0.786
0.836
0.821
0.593
0.729
0.843
0.864
0.786
0.557
0.757
0.493
0.714
0.957
0.764
0.793
0.743
0.636
0.821
0.843
0.564
0.957
0.879
0.707
0.786
0.643
0.65
0.807
0.764
0.957
0.714
0.764
0.55
0.571
0.564
0.31
0.607
0.669
0.366
0.566
0.621
0.552
0.6
0.662
0.807
0.759
0.462
0.848
0.69
0.428
0.759
0.724
0.255
0.621
0.628
0.676
0.607
0.469
0.503
0.772
0.731
0.717
0.738
0.421
0.628
0.559
0.614
0.779
0.655
0.731
0.828
0.676
0.614
0.772
0.621
0.703
0.876
0.545
0.703
0.545
0.731
0.662
0.559
0.434
0.552
0.366
0.655
0.51
0.621
0.579
0.766
0.676
0.655
0.607
0.524
0.738
0.945
0.641
0.641
0.579
0.655
0.366
0.6
0.607
0.586
0.834
0.579
0.648
0.6
0.614
0.462
0.49
0.814
0.69
0.655
0.31
0.641
0.793
0.634
0.545
0.538
0.476
0.628
0.31
0.621
0.628
0.579
0.31
0.641
0.641
0.8
0.586
0.662
0.772
0.503
0.329
0.329
0.329
0.329
0.329
0.329
0.329
0.329
0.329
0.329
0.329
0.329
0.329
0.329
0.329
0.329
0.329
0.329
0.329
0.329
0.329
0.329
0.329
0.329
0.329
0.329
0.329
0.329
0.329
0.329
0.329
0.329
0.329
0.329
0.329
0.329
0.329
0.329
0.329
0.329
0.329
0.329
0.329
0.329
0.329
0.329
0.329
0.329
0.329
0.329
0.329
0.329
0.329
0.329
0.329
0.329
0.329
0.329
0.329
0.329
0.329
0.329
0.329
0.329
0.329
0.329
0.329
0.329
0.329
0.329
0.329
0.329
0.329
0.329
0.329
0.329
0.329
0.329
0.329
0.329
0.329
0.329
0.329
0.329
0.329
0.329
0.329
0.329
0.329
0.329
0.329
0.329
0.329
0.329
0.329
0.329
0.329
0.329
0.329
0.329
